0.05    0.03 
  0.09    0.04 
  0.01    0.05 
  0.01    0.04 
  0.07    0.03 
  0.03    0.03 
  0.29    0.08 
  2.46    0.53 
  1.88    1.43 
  3.33    2.25 
  6.87    3.47 
  8.56    5.63 
  9.64    7.92 
  5.20    8.67 
 -1.54    6.26 
 -6.63    0.96 
-10.22   -4.90 
 -8.60   -8.85 
 -2.04   -8.83 
  3.71   -4.61 
  5.46    1.07 
  9.05    5.51 
  9.95    8.39 
  7.43    9.52 
 -0.81    7.53 
 -5.42    2.30 
 -8.18   -3.57 
-10.80   -7.88 
-10.20  -10.25 
-10.82  -10.97 
 -8.80  -10.62 
 -4.68   -9.04 
 -1.03   -5.95 
  2.59   -2.08 
  4.82    1.60 
  7.19    4.54 
  8.30    6.73 
  8.31    8.07 
  9.22    8.68 
  9.31    9.04 
  8.15    9.10 
  7.07    8.52 
  4.87    7.28 
  0.58    5.11 
 -4.21    1.62 
 -7.24   -2.65 
-10.21   -6.58 
 -6.48   -8.76 
  2.80   -6.92 
  9.42   -0.69 
  9.29    6.16 
  9.18    9.78 
  9.61   10.33 
  9.38    9.89 
 -0.21    7.97 
 -6.43    2.82 
 -7.41   -3.47 
 -8.97   -7.57 
 -7.55   -8.95 
 -2.40   -7.79 
  0.76   -4.38 
  2.94   -0.44 
  4.25    2.51 
  5.15    4.25 
  5.67    5.18 
  6.63    5.78 
  8.51    6.61 
  8.36    7.70 
  8.92    8.49 
  9.31    8.92 
  7.47    8.91 
  6.75    8.17 
  1.41    6.35 
  0.61    3.49 
 -1.19    0.81 
 -5.30   -1.47 
 -7.79   -4.20 
 -9.06   -6.95 
 -9.88   -8.87 
-10.08   -9.87 
 -9.23  -10.07 
 -6.39   -9.26 
 -3.08   -7.16 
  4.03   -3.44 
  6.65    1.50 
  8.00    5.75 
  8.14    8.00 
  8.62    8.67 
  9.15    8.80 
  9.32    9.00 
 11.25    9.53 
  9.46   10.16 
  7.62    9.85 
  2.94    7.90 
 -2.73    4.11 
 -7.66   -1.04 
 -8.74   -5.87 
 -8.26   -8.60 
 -9.62   -9.31 
 -9.96   -9.51 
 -6.88   -9.30 
 -0.43   -7.16 
 -1.43   -3.54 
  2.49   -0.55 
  4.02    1.72 
  8.36    4.17 
  9.78    6.96 
  9.49    9.15 
  9.93   10.00 
 11.43   10.32 
  9.93   10.63 
 10.36   10.56 
  6.50    9.73 
  2.01    7.37 
 -2.30    3.41 
 -5.98   -1.07 
 -9.20   -5.19 
-10.33   -8.39 
-10.11  -10.17 
-10.02  -10.57 
 -9.95  -10.32 
 -7.16   -9.59 
 -3.26   -7.69 
  1.76   -4.23 
  6.53    0.37 
  7.68    4.82 
 10.09    7.89 
  9.19    9.49 
  8.91    9.77 
  9.97    9.50 
  8.99    9.41 
  7.37    9.02 
  3.67    7.54 
 -2.62    4.30 
 -6.50   -0.50 
 -8.57   -5.18 
-10.02   -8.35 
 -9.59   -9.86 
 -9.54  -10.10 
 -9.07   -9.73 
 -7.83   -9.10 
 -4.78   -7.85 
 -1.26   -5.52 
  3.52   -2.04 
  6.42    2.03 
  8.24    5.63 
  9.33    8.03 
  9.56    9.29 
  9.08    9.65 
  8.06    9.28 
  7.27    8.45 
  7.01    7.58 
  5.83    6.86 
  3.51    5.85 
  3.31    4.46 
  3.12    3.40 
  3.49    3.06 
  3.62    3.22 
  6.46    3.95 
 10.42    5.91 
  9.33    8.45 
 10.61    9.99 
  5.65    9.75 
  0.96    7.11 
 -4.57    2.42 
 -6.76   -2.62 
 -9.62   -6.56 
 -9.19   -8.92 
 -9.26   -9.72 
 -9.57   -9.65 
 -6.86   -9.10 
 -5.99   -7.83 
 -1.81   -5.83 
 -0.05   -3.17 
  2.88   -0.36 
  6.32    2.45 
  6.08    5.00 
  6.75    6.43 
  6.45    6.82 
  3.27    6.21 
  2.66    4.60 
 -2.50    2.25 
 -6.84   -1.21 
 -8.52   -5.20 
 -6.51   -7.67 
 -3.21   -7.31 
 -1.64   -4.88 
  1.81   -1.93 
  5.67    1.22 
  7.97    4.56 
 10.93    7.64 
  5.95    9.20 
  3.58    7.90 
  2.80    5.09 
  3.81    3.25 
  5.99    3.36 
 11.71    5.64 
 10.23    8.91 
  7.22   10.28 
  2.13    8.31 
 -2.55    3.96 
 -8.08   -1.37 
 -8.60   -6.11 
 -6.06   -8.33 
 -4.05   -7.49 
 -0.65   -4.87 
 -0.48   -2.07 
  2.49    0.05 
  1.46    1.47 
 -3.79    1.12 
 -5.39   -1.52 
 -5.41   -4.36 
 -1.72   -5.11 
  3.71   -2.84 
  6.56    1.47 
  6.42    5.26 
  7.00    7.01 
 10.76    7.92 
  5.89    8.57 
  1.17    7.03 
 -0.41    3.42 
  3.36    0.97 
  1.85    1.08 
  3.16    2.05 
  1.18    2.46 
  1.17    2.05 
  1.17    1.39 
  1.14    1.09 
  1.05    1.04 
  1.07    1.05 
  0.98    1.05 
  0.99    1.02 
  0.99    0.99 
  0.99    0.98 
  0.97    0.98 
  1.00    0.98 
  0.97    0.98 
  0.95    0.97 
  0.91    0.95 
  0.92    0.93 
  0.93    0.92 
  0.92    0.92 
  0.88    0.91 
  0.92    0.90 
  0.86    0.90 
  0.87    0.88 
  0.96    0.88 
  0.92    0.91 
  0.78    0.90 

