 0.28  0.27  0.27
  0.31  0.28  0.27
  0.29  0.29  0.29
  0.27  0.28  0.28
  1.57  0.47  0.38
  0.02  0.76  0.66
  4.79  1.37  1.16
  7.22  3.33  2.56
  9.13  6.19  5.22
  8.96  8.41  8.01
  9.13  9.34  9.48
  6.22  8.93  9.32
  2.17  6.92  7.64
 -2.81  3.26  4.41
 -6.38 -1.26  0.00
 -7.88 -5.27 -4.41
 -9.27 -7.86 -7.54
 -8.62 -9.04 -8.99
 -9.24 -9.25 -9.24
 -8.77 -9.11 -9.04
 -7.87 -8.79 -8.78
 -9.93 -8.60 -8.59
 -7.63 -8.71 -8.63
 -7.76 -8.43 -8.59
 -4.88 -7.45 -7.90
 -1.73 -5.53 -6.24
  1.82 -2.58 -3.53
  5.02  0.87 -0.08
  8.28  4.34  3.50
  9.08  7.28  6.65
  8.41  8.88  8.71
  9.12  9.17  9.31
  7.38  8.81  8.93
  5.53  7.79  8.04
  3.93  6.14  6.62
  1.63  4.23  4.77
  0.02  2.23  2.75
 -0.17  0.57  0.93
 -0.05 -0.24 -0.19
 -3.84 -0.93 -0.76
 -4.79 -2.50 -1.83
 -6.93 -4.52 -3.80
 -7.02 -6.21 -5.86
 -8.25 -7.30 -7.23
 -7.44 -7.84 -7.83
 -6.19 -7.64 -7.77
 -3.36 -6.41 -6.86
  4.81 -3.32 -4.45
  6.46  1.57 -0.05
  6.33  5.56  4.74
  8.71  7.39  7.53
  9.69  8.43  8.38
  7.61  8.99  8.70
  5.58  8.25  8.47
  3.74  4.55  5.03
 -2.10  1.42  1.90
 -3.31 -0.93 -0.11
 -7.65 -3.51 -2.72
 -7.51 -6.04 -5.41
 -9.85 -7.97 -7.62
-11.17 -9.46 -9.17
-10.24-10.54-10.27
 -8.74-10.51-10.65
 -7.80 -9.45 -9.91
 -8.95 -8.48 -8.68
 -2.73 -7.37 -7.57
 -5.42 -5.56 -6.15
 -5.45 -4.62 -4.77
 -0.31 -4.10 -4.11
 -0.91 -2.47 -3.14
  0.35 -0.79 -1.38
  2.08  0.41  0.21
  1.06  1.32  1.22
  1.35  1.58  1.62
 -0.59  1.13  1.34
 -2.43 -0.05  0.34
 -4.43 -1.88 -1.33
 -5.80 -3.84 -3.34
 -8.34 -5.73 -5.29
 -9.64 -7.65 -7.15
 -8.77 -9.02 -8.73
 -7.77 -9.16 -9.35
 -4.47 -7.93 -8.52
 -2.45 -5.63 -6.38
  0.70 -2.87 -3.58
  1.20 -0.36 -0.87
  2.87  1.41  1.14
  3.79  2.64  2.40
  3.96  3.54  3.27
  5.99  4.32  4.04
  6.22  5.28  4.94
  8.50  6.43  6.07
  8.01  7.58  7.29
  8.54  8.29  8.21
  9.64  8.71  8.67
  9.68  9.23  9.04
  7.03  9.21  9.26
  4.76  7.87  8.48
  3.09  5.66  6.44
 -0.78  3.14  3.80
 -1.39  0.56  1.15
 -4.94 -1.76 -1.24
 -6.78 -4.07 -3.44
 -9.49 -6.48 -5.75
 -8.47 -8.37 -7.92
 -8.05 -8.97 -9.07
 -9.69 -8.85 -9.04
 -8.68 -8.93 -8.78
-10.69 -9.27 -8.99
 -8.60 -9.60 -9.49
 -9.29 -9.48 -9.66
 -7.90 -8.99 -9.25
 -8.22 -8.45 -8.59
 -6.74 -7.88 -7.98
 -7.73 -7.41 -7.50
 -7.46 -7.30 -7.27
 -4.91 -6.42 -6.78
 -2.73 -5.08 -5.60
 -1.38 -2.73 -2.84
  0.21 -1.70 -1.94
  1.03 -0.35 -0.82
  3.00  1.03  0.59
  4.11  2.48  2.09
  4.80  3.79  3.49
  4.97  4.66  4.52
  6.45  5.27  5.15
  6.36  5.92  5.69
  6.05  6.31  6.20
  5.32  6.17  6.31
  1.31  5.07  5.56
 -0.89  2.69  3.56
 -3.21 -0.17  0.63
 -3.78 -2.51 -2.10
 -7.44 -4.37 -4.06
 -7.84 -6.24 -5.70
-16.20 -8.98 -7.97
 -5.94-11.26-10.64
 -7.74-10.32-11.25
 -4.45 -7.63 -8.83
  0.74 -4.66 -5.32
  0.88 -1.31 -1.97
  4.50  1.44  0.90
  6.39  3.76  3.20
 14.71  7.02  5.87
  8.38 10.36  9.31
  7.21 10.70 11.20
  9.16  9.05 10.05
  7.79  8.20  8.15
  6.50  7.75  7.43
  2.60  6.43  6.86
 -1.10  3.70  4.87
 -3.45  0.20  1.39
 -5.27 -2.87 -2.23
  0.89 -3.85 -4.14
 -6.00 -3.13 -3.72
-12.97 -4.81 -3.75
 -8.33 -8.56 -6.79
 -6.57 -9.75 -9.91
 -3.52 -7.79 -9.34
 -3.36 -5.06 -6.04
 -2.52 -3.22 -3.17
 -3.66 -2.66 -2.23
 -6.34 -3.41 -2.97
 -9.38 -5.52 -4.91
 -9.74 -8.05 -7.47
 -8.13 -9.41 -9.39
 -6.93 -8.97 -9.51
 -5.12 -7.46 -8.02
  2.72 -1.75 -2.69
  4.56  1.73  0.81
  5.94  4.28  3.81
  7.98  6.04  5.76
  7.17  7.24  6.96
 11.07  8.22  7.88
  7.47  9.07  8.78
  4.97  8.42  8.85
  1.17  5.85  6.96
 -3.03  2.19  3.35
 -4.03 -1.50 -0.67
 -6.52 -4.22 -3.84
 -7.78 -6.13 -5.83
 -7.33 -7.36 -7.05
 -6.65 -7.59 -7.57
 -9.36 -7.58 -7.56
 -8.57 -8.16 -7.82
 -6.45 -8.34 -8.30
 -6.31 -7.49 -7.97
 -4.93 -6.34 -6.77
 -0.63 -4.70 -5.15
  0.35 -2.24 -2.99
  0.96 -0.06 -0.58
  0.17  0.87  0.91
  0.44  0.81  1.06
 -1.29  0.24  0.40
  1.20 -0.19 -0.24
 -7.94 -1.26 -0.96
 -8.46 -4.40 -3.14
-10.89 -8.04 -6.89
 -6.70 -9.66 -9.74
 -2.76 -8.18 -9.38
  0.85 -4.42 -5.84
  3.79 -0.26 -1.16
  0.03  2.23  2.22
  6.96  3.12  3.35
  6.59  4.62  3.96
  6.32  6.24  5.45
  5.64  6.61  6.67
  7.69  6.51  6.76
  3.57  6.25  6.34
  5.70  5.47  5.68
  3.89  4.80  4.92
  4.02  4.37  4.41
 -5.59 -9.56-10.24
 -5.38 -7.57 -8.72
 -2.43 -5.26 -5.72
 -3.45 -3.54 -3.49
 -6.46 -3.40 -2.96
 -5.17 -4.64 -4.10
 -7.32 -5.82 -5.71
  2.73 -5.10 -5.87
  3.88 -1.35 -3.04
  6.27  3.08  1.84
  9.65  6.32  6.01
 10.26  8.77  8.51
  7.56  9.76  9.68
 12.74  9.85  9.82
  3.10  9.34  9.42
 -0.66  6.17  7.42
 -4.53  1.03  2.84
 -7.39 -3.57 -2.53
 -8.68 -6.84 -6.49
 -9.78 -8.75 -8.59
 -7.48 -9.31 -9.27
 -7.34 -8.61 -8.83
 -8.90 -7.90 -7.96
 -7.73 -7.93 -7.67
 -6.12 -7.74 -7.79
 -2.42 -6.32 -7.03
 -2.39 -4.08 -4.94
  3.12 -1.59 -2.24
  4.69  1.37  0.62
  6.31  4.20  3.51
  5.86  5.88  5.65
  7.21  6.55  6.57
 10.99  7.52  7.13
  8.98  9.04  8.37
  7.47  9.44  9.48
  8.05  8.60  9.18
  8.01  7.95  8.12
  6.26  7.56  7.46
  1.72  6.19  6.65
 -2.15  3.11  4.34
 -2.78 -0.45  0.65
 -4.51 -2.96 -2.62
 -7.45 -4.73 -4.56
 -7.70 -6.46 -5.96
  4.13 -0.74 -2.03
  6.65  2.99  2.26
  7.41  5.93  5.52
  7.19  7.41  7.31
 11.74  8.38  8.11
  8.97  9.58  9.02
  6.64  9.54  9.65
  0.16  7.01  8.22
  1.81  3.33  4.60
  1.93  1.25  1.34
  2.37  1.25  0.58
  1.65  1.78  1.53
  4.84  2.45  2.53
  9.08  4.30  3.79
  6.89  6.76  5.95
 10.05  8.28  8.04
  1.20  7.84  8.42
 -4.82  3.94  5.67
 -8.40 -2.19 -0.19
 -8.03 -6.97 -6.22
 -8.59 -8.92 -9.30
 -6.72 -8.77 -9.26
 -7.74 -7.89 -7.95
 -2.40 -6.56 -6.63
 -0.09 -4.07 -4.83
  3.58 -0.72 -1.86
  1.70  1.93  1.33
  1.42  2.66  2.94
  5.39  2.72  2.90
  7.79  4.19  3.36
 10.03  6.81  5.65
 11.51  9.36  8.71
  5.64 10.15 10.48
 -0.38  7.42  8.97
 -4.02  2.17  4.02
 -2.04 -2.12 -1.45
 -1.27 -3.27 -3.97
  2.01 -1.86 -2.84
 -1.26 -0.10 -0.33
 -3.52 -0.26  0.57
 -2.38 -1.84 -0.92
 -1.11 -2.54 -2.68
  0.20 -1.78 -2.60
 -1.52 -0.81 -1.21
  0.04 -0.51 -0.26
 -0.22 -0.38 -0.19
 -0.23 -0.20 -0.30
 -0.25 -0.18 -0.27
 -0.27 -0.22 -0.23
 -0.23 -0.25 -0.23
 -0.19 -0.24 -0.24
 -0.26 -0.22 -0.23
 -0.24 -0.23 -0.22
 -0.29 -0.25 -0.24
 -0.24 -0.26 -0.26
 -0.21 -0.25 -0.26
 -0.26 -0.24 -0.24
 -0.25 -0.24 -0.23
 -0.26 -0.25 -0.24
 -0.25 -0.26 -0.26
 -0.22 -0.23 -0.24
 -0.24 -0.22 -0.22
 -0.23 -0.23 -0.22
 -0.24 -0.24 -0.23
 -0.26 -0.24 -0.24

